
%liczba neuronów ukrytych: 10, liczba wejœæ sieci: 4
%wejœcie 1: u(k-5)
%wejœcie 2: u(k-6)
%wejœcie 3: y(k-1)
%wejœcie 4: y(k-2)
%uczenie w trybie OE
w10(1,1)=-7.0269558203e-001; w1(1,1)=-2.7040937334e-001; w1(1,2)=-1.2115786712e+000; w1(1,3)=-5.5504056243e-001; w1(1,4)=6.8701943669e-001; 
w10(2,1)=-1.7128762341e+000; w1(2,1)=-2.1381236124e-001; w1(2,2)=-7.3620108703e-001; w1(2,3)=1.9152198828e-001; w1(2,4)=-4.5889853542e-001; 
w10(3,1)=9.3586173804e-001; w1(3,1)=-4.5203358623e-001; w1(3,2)=1.7286611150e-001; w1(3,3)=1.0135826893e-001; w1(3,4)=1.5187948132e-001; 
w10(4,1)=-9.6089832160e-001; w1(4,1)=-8.6889724443e-001; w1(4,2)=-1.7294077189e+000; w1(4,3)=-3.8511500520e-001; w1(4,4)=2.8825417763e-003; 
w10(5,1)=-6.0201086376e-001; w1(5,1)=-4.7491704161e-001; w1(5,2)=-1.1355538995e+000; w1(5,3)=-8.2105074596e-001; w1(5,4)=5.5403845572e-001; 
w10(6,1)=-1.0964649184e+000; w1(6,1)=-1.8497298952e-001; w1(6,2)=3.6136115340e-001; w1(6,3)=-5.9067585174e-001; w1(6,4)=1.8401270515e-001; 
w10(7,1)=1.2341588962e+000; w1(7,1)=5.9979985812e-002; w1(7,2)=-4.2720961121e-002; w1(7,3)=-2.9612317391e-001; w1(7,4)=-1.0545407516e+000; 
w10(8,1)=9.9554434336e-002; w1(8,1)=-3.1505619501e-001; w1(8,2)=2.3595647285e-001; w1(8,3)=5.0800492553e-001; w1(8,4)=2.6119495268e-002; 
w10(9,1)=-5.7600503746e-001; w1(9,1)=9.7995704385e-001; w1(9,2)=-1.4270412882e-001; w1(9,3)=8.6409962723e-003; w1(9,4)=-1.5802322501e-001; 
w10(10,1)=-1.1296231776e+000; w1(10,1)=9.3953371418e-002; w1(10,2)=-1.0123335692e+000; w1(10,3)=9.8496252691e-001; w1(10,4)=-5.4154661179e-001; 
w20=-1.3448308702e+000; w2(1)=2.4135824922e-001; w2(2)=-6.0081535567e-001; w2(3)=7.3347661398e-001; w2(4)=1.7015340145e-001; w2(5)=-6.9816404999e-001; w2(6)=-1.0266965976e+000; w2(7)=-2.2897554989e-001; w2(8)=7.7957680975e-001; w2(9)=2.9860801563e-001; w2(10)=5.0383541903e-001; 

