
%liczba neuronów ukrytych: 10, liczba wejœæ sieci: 4
%wejœcie 1: u(k-5)
%wejœcie 2: u(k-6)
%wejœcie 3: y(k-1)
%wejœcie 4: y(k-2)
%uczenie w trybie OE
w10(1,1)=3.4633683068e-001; w1(1,1)=1.2458746991e-001; w1(1,2)=9.0159375528e-002; w1(1,3)=4.8955403241e-002; w1(1,4)=-6.8410400196e-001; 
w10(2,1)=-8.0252083021e-002; w1(2,1)=-2.1598818073e-001; w1(2,2)=-3.9561501015e-001; w1(2,3)=2.9674538849e-001; w1(2,4)=9.0292219201e-001; 
w10(3,1)=-4.7455871769e-001; w1(3,1)=2.2044674796e+000; w1(3,2)=1.1027372453e+000; w1(3,3)=4.2788440495e-001; w1(3,4)=-7.2342772920e-001; 
w10(4,1)=3.1199770009e-001; w1(4,1)=2.2190975485e+000; w1(4,2)=1.7052700681e+000; w1(4,3)=-3.4007373764e-001; w1(4,4)=8.3505601137e-001; 
w10(5,1)=-4.6275038915e-001; w1(5,1)=-4.3318239350e-001; w1(5,2)=-1.3950133858e+000; w1(5,3)=9.7548813809e-001; w1(5,4)=-9.5625874591e-001; 
w10(6,1)=-4.5138043042e-001; w1(6,1)=1.1431115403e-001; w1(6,2)=-7.6092371394e-001; w1(6,3)=-8.0592905922e-001; w1(6,4)=5.8382707116e-001; 
w10(7,1)=-6.8445797286e-001; w1(7,1)=4.5074632820e-004; w1(7,2)=-1.0270986174e-001; w1(7,3)=-4.1840587462e-001; w1(7,4)=7.5279456818e-002; 
w10(8,1)=-1.1084732058e+000; w1(8,1)=-2.1524732827e-001; w1(8,2)=1.2635472633e-001; w1(8,3)=4.4409725703e-001; w1(8,4)=-7.7226302302e-001; 
w10(9,1)=4.5216133424e-001; w1(9,1)=-3.8864886643e-003; w1(9,2)=9.3793244133e-001; w1(9,3)=-1.1392870834e+000; w1(9,4)=1.3197390559e+000; 
w10(10,1)=-5.7934199442e-001; w1(10,1)=-3.6087918334e-001; w1(10,2)=-1.5042798204e+000; w1(10,3)=2.7723523681e-001; w1(10,4)=9.0205128128e-002; 
w20=-1.3842238213e+000; w2(1)=-1.1062060996e+000; w2(2)=-1.5985731120e-001; w2(3)=2.9566972121e-002; w2(4)=3.0614625386e-002; w2(5)=-1.8233398744e-001; w2(6)=-9.6907342867e-001; w2(7)=-9.2076810450e-001; w2(8)=-1.3139039699e+000; w2(9)=-6.2817802285e-001; w2(10)=1.5729786302e-001; 

