
%liczba neuronów ukrytych: 10, liczba wejœæ sieci: 4
%wejœcie 1: u(k-5)
%wejœcie 2: u(k-6)
%wejœcie 3: y(k-1)
%wejœcie 4: y(k-2)
%uczenie w trybie OE
w10(1,1)=1.5407554621e-001; w1(1,1)=-9.9754377335e-002; w1(1,2)=6.9796438670e-001; w1(1,3)=-1.1143865380e-001; w1(1,4)=1.1397575782e+000; 
w10(2,1)=5.1305294197e-001; w1(2,1)=4.1221095739e-001; w1(2,2)=1.0769209852e+000; w1(2,3)=1.3378229852e-001; w1(2,4)=8.5144872427e-001; 
w10(3,1)=4.5970407752e-001; w1(3,1)=3.6848276849e-001; w1(3,2)=7.4171931343e-001; w1(3,3)=-5.2636727085e-001; w1(3,4)=7.0267362848e-001; 
w10(4,1)=1.7488867789e-001; w1(4,1)=4.2033972905e-001; w1(4,2)=1.1752383895e+000; w1(4,3)=1.2545128597e+000; w1(4,4)=-9.1355573260e-001; 
w10(5,1)=-9.2931490772e-001; w1(5,1)=-2.3452602696e-001; w1(5,2)=1.3966550402e-001; w1(5,3)=-4.9069163230e-001; w1(5,4)=-5.3141426206e-002; 
w10(6,1)=9.5545812335e-001; w1(6,1)=6.9806826145e-001; w1(6,2)=8.8344477252e-001; w1(6,3)=3.6528791353e-001; w1(6,4)=3.5140747058e-001; 
w10(7,1)=1.0728097095e+000; w1(7,1)=7.4448389349e-002; w1(7,2)=6.8602052052e-001; w1(7,3)=-1.3061631457e-001; w1(7,4)=1.0052058121e+000; 
w10(8,1)=-8.3759805537e-001; w1(8,1)=3.5836923310e-001; w1(8,2)=3.6198844330e-003; w1(8,3)=1.1475589594e+000; w1(8,4)=9.3363999393e-001; 
w10(9,1)=-4.4675538794e-001; w1(9,1)=4.6651319198e-001; w1(9,2)=4.3915817145e-001; w1(9,3)=4.8090945580e-001; w1(9,4)=7.6422313784e-001; 
w10(10,1)=-6.8207230575e-001; w1(10,1)=1.0081744830e+000; w1(10,2)=5.8532854466e-001; w1(10,3)=3.1678723820e-001; w1(10,4)=2.2017589736e-001; 
w20=-1.3021403788e+000; w2(1)=9.7113395828e-001; w2(2)=-2.8003001446e-001; w2(3)=6.2163577085e-001; w2(4)=6.5098859503e-001; w2(5)=-1.3243433044e+000; w2(6)=-8.7990949116e-001; w2(7)=4.8599120826e-001; w2(8)=3.7006455390e-001; w2(9)=-7.6015612657e-001; w2(10)=-2.3586817864e-001; 

