
%liczba neuronów ukrytych: 10, liczba wejœæ sieci: 4
%wejœcie 1: u(k-1)
%wejœcie 2: u(k-2)
%wejœcie 3: y(k-1)
%wejœcie 4: y(k-2)
%uczenie w trybie OE
w10(1,1)=-3.2270391147e-001; w1(1,1)=1.4759560429e-001; w1(1,2)=4.9312734093e-001; w1(1,3)=-8.8096894724e-001; w1(1,4)=-1.9494386401e-002; 
w10(2,1)=-3.3549869092e-001; w1(2,1)=4.1752168526e-001; w1(2,2)=5.7204987485e-002; w1(2,3)=6.3839438854e-002; w1(2,4)=-1.5391731208e+000; 
w10(3,1)=3.1926157250e-002; w1(3,1)=2.9107547029e-002; w1(3,2)=-9.2672143213e-002; w1(3,3)=-1.9476261438e-001; w1(3,4)=-1.0380190370e-002; 
w10(4,1)=-6.1150479324e-002; w1(4,1)=-3.3257983706e-001; w1(4,2)=-4.9287909826e-001; w1(4,3)=1.1207259590e-001; w1(4,4)=-3.6612012665e-002; 
w10(5,1)=3.7627668957e-001; w1(5,1)=-2.1576289954e-001; w1(5,2)=-2.0985328028e-001; w1(5,3)=-3.8610630278e-001; w1(5,4)=5.2198028571e-001; 
w10(6,1)=1.6490564898e-001; w1(6,1)=-3.6061203536e-001; w1(6,2)=5.6246433262e-001; w1(6,3)=6.5874511376e-001; w1(6,4)=1.8386017479e-001; 
w10(7,1)=1.5782350034e-001; w1(7,1)=-8.4162953788e-002; w1(7,2)=-2.4757570957e-001; w1(7,3)=6.3678765587e-001; w1(7,4)=1.2167784731e-001; 
w10(8,1)=-1.3055106024e-001; w1(8,1)=1.1128633867e-001; w1(8,2)=2.2649286415e-001; w1(8,3)=-2.7492918927e-001; w1(8,4)=1.5427656479e-001; 
w10(9,1)=1.7689254565e-002; w1(9,1)=1.6372766353e-001; w1(9,2)=-5.5255230557e-001; w1(9,3)=7.0709128164e-001; w1(9,4)=-4.0608924134e-002; 
w10(10,1)=5.8668499278e-002; w1(10,1)=-3.4088710960e-001; w1(10,2)=1.0991393194e+000; w1(10,3)=3.0361326189e-002; w1(10,4)=-6.6001892841e-001; 
w20=2.5115067024e-002; w2(1)=-5.2641762048e-001; w2(2)=3.3336637846e-001; w2(3)=2.6171454402e-002; w2(4)=1.8654095553e-001; w2(5)=-7.2017014135e-001; w2(6)=6.9657166398e-001; w2(7)=3.7998321995e-001; w2(8)=1.2961357894e-001; w2(9)=5.7914044319e-001; w2(10)=4.9370122712e-001; 

