
%liczba neuronów ukrytych: 10, liczba wejœæ sieci: 4
%wejœcie 1: u(k-5)
%wejœcie 2: u(k-6)
%wejœcie 3: y(k-1)
%wejœcie 4: y(k-2)
%uczenie w trybie OE
w10(1,1)=2.5749722173e-002; w1(1,1)=-1.5585633252e-001; w1(1,2)=-6.3730757944e-003; w1(1,3)=8.5984132391e-002; w1(1,4)=1.7813333352e-001; 
w10(2,1)=-2.0741395893e-002; w1(2,1)=1.4467779845e-001; w1(2,2)=-1.0831445634e-002; w1(2,3)=9.6986251542e-002; w1(2,4)=2.7696888214e-002; 
w10(3,1)=-2.3893207632e-001; w1(3,1)=-3.1356451032e-002; w1(3,2)=-8.3641901973e-002; w1(3,3)=-2.2667828651e-002; w1(3,4)=-2.6659806359e-001; 
w10(4,1)=6.7648641908e-002; w1(4,1)=-1.6304049472e-001; w1(4,2)=-5.5581843229e-002; w1(4,3)=1.0864440984e-001; w1(4,4)=2.3898004512e-001; 
w10(5,1)=-3.7467569452e-002; w1(5,1)=7.1424370110e-002; w1(5,2)=4.8953031783e-002; w1(5,3)=-3.8443963422e-002; w1(5,4)=-2.7788841971e-001; 
w10(6,1)=-5.2211022419e-002; w1(6,1)=2.7423876605e-001; w1(6,2)=1.6457115799e-001; w1(6,3)=5.9783011405e-002; w1(6,4)=-1.3346685384e-001; 
w10(7,1)=8.3048906931e-001; w1(7,1)=4.1225125572e-001; w1(7,2)=4.6794691369e-001; w1(7,3)=1.4298598441e-002; w1(7,4)=2.2524214949e-001; 
w10(8,1)=2.7922471322e-001; w1(8,1)=3.3705065653e-001; w1(8,2)=5.0123974127e-001; w1(8,3)=2.8523557222e-002; w1(8,4)=1.4329861328e-001; 
w10(9,1)=2.6454232226e-001; w1(9,1)=1.4026642862e-001; w1(9,2)=2.1821560822e-001; w1(9,3)=4.8655152418e-002; w1(9,4)=1.9207567816e-001; 
w10(10,1)=-1.9836258507e-002; w1(10,1)=-1.9246859450e-001; w1(10,2)=-1.2973054191e-001; w1(10,3)=5.4201605471e-002; w1(10,4)=2.9776380295e-001; 
w20=-7.6785056584e-001; w2(1)=2.2864618204e-001; w2(2)=5.2677249316e-002; w2(3)=-5.3157999459e-001; w2(4)=4.1333277969e-001; w2(5)=-4.0532344367e-001; w2(6)=-9.7057203107e-002; w2(7)=6.1330596540e-001; w2(8)=2.8333456070e-001; w2(9)=4.5381631971e-001; w2(10)=4.7346318264e-001; 

