
%liczba neuronów ukrytych: 11, liczba wejœæ sieci: 4
%wejœcie 1: u(k-5)
%wejœcie 2: u(k-6)
%wejœcie 3: y(k-1)
%wejœcie 4: y(k-2)
%uczenie w trybie OE
w10(1,1)=-1.1325386792e-001; w1(1,1)=3.1214503984e-003; w1(1,2)=2.2102973819e-002; w1(1,3)=-1.2965974134e-001; w1(1,4)=-1.4584182297e-001; 
w10(2,1)=-5.3361404670e-002; w1(2,1)=-1.1765762877e-001; w1(2,2)=-1.2987532618e-001; w1(2,3)=-4.2491968440e-002; w1(2,4)=-1.3151373250e-001; 
w10(3,1)=9.4892878980e-002; w1(3,1)=-5.7783474175e-002; w1(3,2)=1.4892994210e-001; w1(3,3)=7.1261804284e-002; w1(3,4)=1.6301179982e-001; 
w10(4,1)=-4.7181798923e-002; w1(4,1)=1.0989530100e-001; w1(4,2)=1.6403935424e-003; w1(4,3)=-4.5219572579e-002; w1(4,4)=1.1962243204e-001; 
w10(5,1)=-8.5117590535e-002; w1(5,1)=3.9546213548e-001; w1(5,2)=2.7566592870e-001; w1(5,3)=5.8726111121e-002; w1(5,4)=4.3160538179e-002; 
w10(6,1)=-4.4529385168e-001; w1(6,1)=-6.2438525503e-001; w1(6,2)=-5.1706399165e-001; w1(6,3)=-5.5830259136e-002; w1(6,4)=-1.5509268096e-001; 
w10(7,1)=3.2753437402e-001; w1(7,1)=1.7400307509e-002; w1(7,2)=8.3313310276e-002; w1(7,3)=1.2442422134e-001; w1(7,4)=2.4855900274e-001; 
w10(8,1)=-1.5367455296e-002; w1(8,1)=1.4177305235e-001; w1(8,2)=4.8283317826e-004; w1(8,3)=-5.1971411462e-002; w1(8,4)=-1.0757321998e-001; 
w10(9,1)=-8.2031033029e-002; w1(9,1)=4.0002441437e-001; w1(9,2)=3.1065882198e-001; w1(9,3)=-8.6425973793e-002; w1(9,4)=7.1386320474e-002; 
w10(10,1)=-3.9871397097e-001; w1(10,1)=-1.1702509911e-001; w1(10,2)=-2.8500625345e-001; w1(10,3)=-1.1569347946e-001; w1(10,4)=-2.3345278662e-001; 
w10(11,1)=-1.9319912338e-002; w1(11,1)=1.5404744440e-001; w1(11,2)=3.2642908387e-002; w1(11,3)=6.5216456516e-002; w1(11,4)=6.8048938516e-002; 
w20=-7.6905568559e-001; w2(1)=-5.5317525093e-001; w2(2)=-4.0307617752e-001; w2(3)=3.9893984877e-001; w2(4)=1.0467370803e-001; w2(5)=-1.4934511047e-001; w2(6)=-4.2106042174e-001; w2(7)=7.1993538235e-001; w2(8)=-1.3599769798e-001; w2(9)=-1.0825797047e-001; w2(10)=-5.9500016044e-001; w2(11)=-5.1136227658e-002; 

