
%liczba neuronów ukrytych: 10, liczba wejœæ sieci: 4
%wejœcie 1: u(k-5)
%wejœcie 2: u(k-6)
%wejœcie 3: y(k-1)
%wejœcie 4: y(k-2)
%uczenie w trybie OE
w10(1,1)=6.9617308016e-002; w1(1,1)=-1.3429642641e-002; w1(1,2)=3.2194264972e-002; w1(1,3)=-9.8759957668e-002; w1(1,4)=-1.3644941018e-001; 
w10(2,1)=1.2063561524e-001; w1(2,1)=3.7641128052e-001; w1(2,2)=4.4283397255e-001; w1(2,3)=7.0286363678e-002; w1(2,4)=1.1863690056e-001; 
w10(3,1)=-9.7621051250e-002; w1(3,1)=8.0203388898e-002; w1(3,2)=8.2689514733e-002; w1(3,3)=-5.8901593756e-002; w1(3,4)=6.2573556798e-002; 
w10(4,1)=-2.2222643146e-001; w1(4,1)=3.7364342987e-002; w1(4,2)=-1.2444982678e-001; w1(4,3)=1.1276522817e-002; w1(4,4)=-3.1572295402e-001; 
w10(5,1)=-6.7429936675e-002; w1(5,1)=2.2823913137e-001; w1(5,2)=1.2871823717e-001; w1(5,3)=-7.4139898118e-003; w1(5,4)=1.3673086474e-001; 
w10(6,1)=-7.5623125323e-002; w1(6,1)=1.8443400797e-001; w1(6,2)=6.1836163788e-002; w1(6,3)=-6.2076878308e-002; w1(6,4)=9.7663283316e-002; 
w10(7,1)=-1.1731626585e-002; w1(7,1)=9.3719736524e-002; w1(7,2)=1.8212830808e-001; w1(7,3)=1.2907272528e-002; w1(7,4)=1.2300332473e-001; 
w10(8,1)=1.7841707381e-002; w1(8,1)=2.6910366512e-001; w1(8,2)=1.8965519573e-002; w1(8,3)=-3.8436679805e-002; w1(8,4)=-3.7753404293e-001; 
w10(9,1)=-9.4289071665e-003; w1(9,1)=-8.1335681331e-002; w1(9,2)=-2.4793201002e-002; w1(9,3)=2.0522248950e-002; w1(9,4)=3.3201208481e-001; 
w10(10,1)=-9.9015701150e-001; w1(10,1)=-2.6035775249e-001; w1(10,2)=-3.2653081792e-001; w1(10,3)=-1.9527299151e-002; w1(10,4)=-3.1539576900e-001; 
w20=-7.9202400866e-001; w2(1)=-1.6670882556e-001; w2(2)=2.5838362722e-001; w2(3)=-1.7221734251e-002; w2(4)=-6.0169556455e-001; w2(5)=1.1752661146e-001; w2(6)=3.1596993178e-002; w2(7)=1.1504835346e-001; w2(8)=-6.5226203848e-001; w2(9)=5.2950506516e-001; w2(10)=-8.8337817238e-001; 

