
%liczba neuronów ukrytych: 7, liczba wejœæ sieci: 4
%wejœcie 1: u(k-5)
%wejœcie 2: u(k-6)
%wejœcie 3: y(k-1)
%wejœcie 4: y(k-2)
%uczenie w trybie OE
w10(1,1)=5.6445939825e-001; w1(1,1)=-1.8213724098e-001; w1(1,2)=-6.8927458543e-001; w1(1,3)=-1.7936023800e+000; w1(1,4)=1.8668589801e+000; 
w10(2,1)=3.8860772747e-001; w1(2,1)=1.2338207770e+000; w1(2,2)=1.7679213982e+000; w1(2,3)=-4.9992309208e-002; w1(2,4)=3.6375332844e-001; 
w10(3,1)=-7.1683671926e-001; w1(3,1)=3.8326945944e-001; w1(3,2)=4.1254177790e-002; w1(3,3)=2.3580451791e-001; w1(3,4)=-1.0337787211e+000; 
w10(4,1)=-6.7844627768e-001; w1(4,1)=-6.6217187170e-002; w1(4,2)=-1.2010569070e-001; w1(4,3)=3.0353075746e-001; w1(4,4)=2.8837777057e-001; 
w10(5,1)=8.2941397313e-001; w1(5,1)=2.9592148966e-002; w1(5,2)=5.6635193315e-001; w1(5,3)=1.3972864085e+000; w1(5,4)=-1.0029443800e+000; 
w10(6,1)=1.4847057315e+000; w1(6,1)=1.6072277728e-001; w1(6,2)=-2.4725597497e-001; w1(6,3)=1.1963730884e-001; w1(6,4)=3.2445114451e-001; 
w10(7,1)=1.3319036725e+000; w1(7,1)=1.2172699881e+000; w1(7,2)=1.3206513984e+000; w1(7,3)=-5.7388316011e-001; w1(7,4)=-3.7713373259e-001; 
w20=-1.0977628238e+000; w2(1)=-2.5838665377e-001; w2(2)=7.9889066893e-002; w2(3)=-2.5255455599e-001; w2(4)=1.3479501333e+000; w2(5)=5.7060862578e-001; w2(6)=1.6617701956e+000; w2(7)=-5.3901034317e-002; 

