
%liczba neuronów ukrytych: 6, liczba wejœæ sieci: 4
%wejœcie 1: u(k-5)
%wejœcie 2: u(k-6)
%wejœcie 3: y(k-1)
%wejœcie 4: y(k-2)
%uczenie w trybie OE
w10(1,1)=3.0194491940e-001; w1(1,1)=2.2152160214e-001; w1(1,2)=2.3967985163e-001; w1(1,3)=1.1635538411e+000; w1(1,4)=-9.6846565437e-001; 
w10(2,1)=1.0102026339e+000; w1(2,1)=2.1398117537e-001; w1(2,2)=6.5340216164e-001; w1(2,3)=6.8858176800e-001; w1(2,4)=-1.2672219399e+000; 
w10(3,1)=1.2242236944e-002; w1(3,1)=7.5459589229e-001; w1(3,2)=3.4650282896e+000; w1(3,3)=-3.1638690795e-001; w1(3,4)=3.2576178651e-001; 
w10(4,1)=1.4733825074e-001; w1(4,1)=-1.5871169050e-001; w1(4,2)=-2.2673198176e-002; w1(4,3)=-7.5385747695e-001; w1(4,4)=1.0352555378e+000; 
w10(5,1)=3.8249109150e-001; w1(5,1)=4.5069669218e-001; w1(5,2)=-3.2098839984e-001; w1(5,3)=-9.4032180292e-001; w1(5,4)=1.2679329373e+000; 
w10(6,1)=-1.3029244499e+000; w1(6,1)=-3.2497036159e-001; w1(6,2)=5.2928068578e-001; w1(6,3)=2.9217345711e-001; w1(6,4)=-6.7960736442e-001; 
w20=-1.0047163527e+000; w2(1)=1.9128421002e+000; w2(2)=-6.3876725080e-001; w2(3)=2.5278092177e-002; w2(4)=1.6007897583e+000; w2(5)=-4.2514920155e-001; w2(6)=-9.9006804483e-001; 

