
%liczba neuronów ukrytych: 8, liczba wejœæ sieci: 4
%wejœcie 1: u(k-5)
%wejœcie 2: u(k-6)
%wejœcie 3: y(k-1)
%wejœcie 4: y(k-2)
%uczenie w trybie OE
w10(1,1)=9.8473906966e-001; w1(1,1)=-2.2822904014e-001; w1(1,2)=-9.1960892888e-002; w1(1,3)=6.0860423040e-002; w1(1,4)=2.3604980426e-001; 
w10(2,1)=1.0940955162e-001; w1(2,1)=2.4242723116e+000; w1(2,2)=6.2591233422e-001; w1(2,3)=7.8537601735e-001; w1(2,4)=-8.4658998183e-001; 
w10(3,1)=-9.7891281342e-001; w1(3,1)=-2.1636109231e-001; w1(3,2)=3.1283020533e-002; w1(3,3)=-6.0229363470e-001; w1(3,4)=3.0204178700e-001; 
w10(4,1)=-6.5947864111e-001; w1(4,1)=-2.1801376979e-001; w1(4,2)=-2.9687218473e-002; w1(4,3)=5.8357234276e-001; w1(4,4)=4.6177318131e-002; 
w10(5,1)=8.3010840708e-001; w1(5,1)=-4.7615468383e-001; w1(5,2)=-7.6337519567e-001; w1(5,3)=-2.8453174793e-001; w1(5,4)=5.2764651897e-001; 
w10(6,1)=7.7449927423e-001; w1(6,1)=-2.0075765861e-001; w1(6,2)=1.6032984753e+000; w1(6,3)=1.0841430389e+000; w1(6,4)=-5.2280434901e-001; 
w10(7,1)=-4.3989596797e-001; w1(7,1)=2.3024386357e-001; w1(7,2)=1.8099394633e-001; w1(7,3)=-1.1268208051e-001; w1(7,4)=-3.8209711126e-001; 
w10(8,1)=-1.1162998987e+000; w1(8,1)=1.0076981953e+000; w1(8,2)=1.0142521621e+000; w1(8,3)=-7.3517954426e-001; w1(8,4)=-6.5292614392e-001; 
w20=-1.6248985363e+000; w2(1)=1.1276330410e+000; w2(2)=7.1589418504e-002; w2(3)=-1.7389248281e+000; w2(4)=9.8069029663e-001; w2(5)=-3.0963207056e-001; w2(6)=1.4644113583e-001; w2(7)=-3.6209933697e-001; w2(8)=1.3266924289e-002; 

