
%liczba neuronów ukrytych: 4, liczba wejœæ sieci: 4
%wejœcie 1: u(k-5)
%wejœcie 2: u(k-6)
%wejœcie 3: y(k-1)
%wejœcie 4: y(k-2)
%uczenie w trybie OE
w10(1,1)=5.8785160666e-001; w1(1,1)=-1.4389264266e+000; w1(1,2)=4.7298796177e-001; w1(1,3)=-1.4816022625e+000; w1(1,4)=1.1659203330e+000; 
w10(2,1)=-8.1484190846e-001; w1(2,1)=1.5560791895e-001; w1(2,2)=-8.4574768745e-002; w1(2,3)=-1.4534357147e-001; w1(2,4)=-1.5310387465e-001; 
w10(3,1)=2.2512398176e-001; w1(3,1)=-9.3286420420e-001; w1(3,2)=2.6147115031e-001; w1(3,3)=-1.0622670762e+000; w1(3,4)=9.4177551726e-001; 
w10(4,1)=-5.8515135004e-001; w1(4,1)=-3.6539059997e-001; w1(4,2)=1.1616800644e-001; w1(4,3)=1.9932085945e-001; w1(4,4)=2.7135760801e-001; 
w20=-9.4488812487e-001; w2(1)=5.7797873672e-001; w2(2)=-2.5660077019e+000; w2(3)=-1.4751891324e+000; w2(4)=1.4418689003e+000; 

