
%liczba neuronów ukrytych: 2, liczba wejœæ sieci: 4
%wejœcie 1: u(k-5)
%wejœcie 2: u(k-6)
%wejœcie 3: y(k-1)
%wejœcie 4: y(k-2)
%uczenie w trybie OE
w10(1,1)=5.0754598036e-001; w1(1,1)=-7.7613750326e-002; w1(1,2)=-1.2521890269e-002; w1(1,3)=6.6310153566e-001; w1(1,4)=-3.4125525051e-001; 
w10(2,1)=6.3285007615e-001; w1(2,1)=-1.8281142086e-001; w1(2,2)=-2.1377726317e-002; w1(2,3)=9.5612447639e-001; w1(2,4)=-5.4944103993e-001; 
w20=-1.5388604652e+000; w2(1)=1.0418728397e+001; w2(2)=-5.9563626215e+000; 

