
%liczba neuronów ukrytych: 9, liczba wejœæ sieci: 4
%wejœcie 1: u(k-5)
%wejœcie 2: u(k-6)
%wejœcie 3: y(k-1)
%wejœcie 4: y(k-2)
%uczenie w trybie OE
w10(1,1)=-1.0990885694e+000; w1(1,1)=-1.0214392245e-001; w1(1,2)=-1.5391033857e-002; w1(1,3)=6.7777977693e-001; w1(1,4)=3.6704517253e-001; 
w10(2,1)=1.0178973442e+000; w1(2,1)=4.6566997185e-002; w1(2,2)=-2.4694521805e-002; w1(2,3)=1.3431935893e-001; w1(2,4)=2.0949577501e-001; 
w10(3,1)=-1.3963682437e+000; w1(3,1)=1.0721471160e-001; w1(3,2)=-5.7716953961e-001; w1(3,3)=1.2448371233e-001; w1(3,4)=-3.2915127280e-001; 
w10(4,1)=-4.0304666932e-001; w1(4,1)=3.3992671733e-002; w1(4,2)=-2.1947051956e-001; w1(4,3)=-1.0459658055e+000; w1(4,4)=7.8872754714e-001; 
w10(5,1)=-3.5957179045e-001; w1(5,1)=-1.6342186666e-001; w1(5,2)=-1.6401653822e+000; w1(5,3)=-1.4734279002e-001; w1(5,4)=-5.3136048123e-002; 
w10(6,1)=3.7344299470e-001; w1(6,1)=-1.4585185018e+000; w1(6,2)=-6.1136328893e-001; w1(6,3)=1.7995476328e-001; w1(6,4)=-1.8320959885e-002; 
w10(7,1)=2.8806694492e-001; w1(7,1)=-9.5018274482e-002; w1(7,2)=1.0171732135e+000; w1(7,3)=-1.3433717442e-001; w1(7,4)=-5.2805253926e-002; 
w10(8,1)=-6.8148932209e-001; w1(8,1)=1.4340718656e+000; w1(8,2)=8.7535532375e-001; w1(8,3)=-6.8487718276e-002; w1(8,4)=2.4372557929e-001; 
w10(9,1)=-7.2272894568e-002; w1(9,1)=2.3949553216e-001; w1(9,2)=-2.6429847782e-001; w1(9,3)=-2.6815545474e-001; w1(9,4)=-2.9608582449e-001; 
w20=-1.5854833161e+000; w2(1)=4.0224150397e-001; w2(2)=1.4739140765e+000; w2(3)=-5.3803071898e-001; w2(4)=-8.9260089286e-001; w2(5)=-1.0653092160e-001; w2(6)=-2.7415735825e-001; w2(7)=-4.4204600567e-001; w2(8)=-1.7041901343e-001; w2(9)=-5.5886456683e-001; 

