
%liczba neuronów ukrytych: 5, liczba wejœæ sieci: 4
%wejœcie 1: u(k-5)
%wejœcie 2: u(k-6)
%wejœcie 3: y(k-1)
%wejœcie 4: y(k-2)
%uczenie w trybie OE
w10(1,1)=-1.0068950457e+000; w1(1,1)=-1.8067576714e-001; w1(1,2)=-5.8808813419e-001; w1(1,3)=-7.6608298391e-002; w1(1,4)=7.8109104070e-001; 
w10(2,1)=7.7687530931e-003; w1(2,1)=2.6032833478e+000; w1(2,2)=3.6722000903e+000; w1(2,3)=-9.2656548517e-001; w1(2,4)=-2.2357964877e-001; 
w10(3,1)=1.0420137308e+000; w1(3,1)=2.0559997314e-001; w1(3,2)=-2.0226622780e-001; w1(3,3)=5.8192946673e-001; w1(3,4)=-3.0842464489e-001; 
w10(4,1)=-2.5434298389e-001; w1(4,1)=-1.5052380743e-001; w1(4,2)=-5.7336328795e-001; w1(4,3)=-1.7200855789e+000; w1(4,4)=1.4326291128e+000; 
w10(5,1)=-8.8820221016e-002; w1(5,1)=1.3931779304e-001; w1(5,2)=-8.3878929923e-002; w1(5,3)=4.9198523803e-001; w1(5,4)=-6.7368051136e-001; 
w20=-1.5610226860e+000; w2(1)=5.4243084281e-001; w2(2)=1.2180824192e-002; w2(3)=2.0857485824e+000; w2(4)=-7.7519170672e-001; w2(5)=-1.7857880931e+000; 

