
%liczba neuronów ukrytych: 1, liczba wejœæ sieci: 4
%wejœcie 1: u(k-5)
%wejœcie 2: u(k-6)
%wejœcie 3: y(k-1)
%wejœcie 4: y(k-2)
%uczenie w trybie OE
w10(1,1)=4.3071961058e-001; w1(1,1)=3.4205798032e-002; w1(1,2)=1.3084569539e-001; w1(1,3)=-1.4672809317e-003; w1(1,4)=3.0419287916e-001; 
w20=-1.2687330809e+000; w2(1)=3.0804584948e+000; 

