
%liczba neuronów ukrytych: 3, liczba wejœæ sieci: 4
%wejœcie 1: u(k-5)
%wejœcie 2: u(k-6)
%wejœcie 3: y(k-1)
%wejœcie 4: y(k-2)
%uczenie w trybie OE
w10(1,1)=2.3024400366e-001; w1(1,1)=1.3233987478e-001; w1(1,2)=3.9647859014e-001; w1(1,3)=1.4123828821e+000; w1(1,4)=-1.2235114571e+000; 
w10(2,1)=9.4360992799e-001; w1(2,1)=1.1411902381e-001; w1(2,2)=-1.8001817739e-001; w1(2,3)=-1.5982467672e-001; w1(2,4)=4.1670627687e-001; 
w10(3,1)=9.7683266671e-001; w1(3,1)=1.5101760687e-001; w1(3,2)=8.6432419131e-002; w1(3,3)=3.6391544111e-001; w1(3,4)=-5.9708278586e-001; 
w20=1.0990710460e+000; w2(1)=1.4251772728e+000; w2(2)=2.2265438762e+000; w2(3)=-4.0745166924e+000; 

